timestamps:
  login: 1490100031339
  logout: 1490100040775
ipAddress: 192.168.0.103
lastlocation:
  world: world
  x: -171.5
  y: 93.0
  z: 361.5
  yaw: 0.0
  pitch: 0.0
logoutlocation:
  world: world
  x: -168.5
  y: 85.0
  z: 360.5
  yaw: -96.84414
  pitch: 3.6000183
