timestamps:
  login: 1374417444994
  logout: 1374397661487
  lastteleport: 1374417580550
ipAddress: 192.168.0.66
lastlocation:
  world: world
  x: -49.96852421281646
  y: 64.0
  z: 250.43506237035032
  yaw: 267.75006
  pitch: 23.999977
logoutlocation:
  world: world
  x: 141.30000001192093
  y: 59.0
  z: 266.30000001192093
  yaw: 127.50001
  pitch: 78.59998
