timestamps:
  login: 1382122017028
  logout: 1382122426563
  lastteleport: 1382122414965
ipAddress: 192.168.1.2
lastlocation:
  world: world
  x: -168.41497898028777
  y: 85.0
  z: 361.24005556665014
  yaw: 274.04932
  pitch: 10.800283
logoutlocation:
  world: world
  x: -169.87036740254095
  y: 85.0
  z: 365.52775313015115
  yaw: 7.2000537
  pitch: 2.250242
afk: false
