timestamps:
  login: 1491481423853
  lastteleport: 1491481550088
  logout: 1491481569637
ipAddress: 94.29.124.202
lastlocation:
  world: world
  x: -170.49541384211062
  y: 85.0
  z: 364.0934407922375
  yaw: 46.705826
  pitch: 5.85001
money: '8602.0'
logoutlocation:
  world: world
  x: -155.3737675965008
  y: 86.5
  z: 323.945658600126
  yaw: 105.85013
  pitch: 8.200004
godmode: true
