spawns: 
  default: 
    world: world
    x: -168.58976170757762
    y: 85.0
    z: 360.9732680474529
    yaw: -89.49414
    pitch: 3.4500186
