world: world_nether
x: 2.386088340092661
y: 37.0
z: -6.291103000484697
yaw: -268.44995
pitch: 11.95001
name: Hell
