world: world_nether
x: -1.9429086839058924
y: 36.0
z: -3.301954978894767
yaw: 1.5557994
pitch: 7.349986
name: HellSpawn
