world: world
x: -156.47373972072367
y: 86.0
z: 324.34402562890887
yaw: 45.40013
pitch: 2.050004
name: parkour
