world: world
x: -115.50144534749865
y: 99.0
z: 348.1000415470739
yaw: 359.75577
pitch: 20.40001
name: shop
